800.0183716	-0.001309407	-0.002127216	-0.002481471	-0.288143486
799.0457153	-0.000812111	0.000362969	-0.001428727	-0.243323429
797.9337158	-0.001151795	-0.001673097	-0.001918308	-0.189215029
796.9602661	-0.001598413	-0.000185614	-0.001755348	-0.125569943
795.9864502	-0.000207556	0.000525078	0.000589487	0.185861771
795.012207	-0.001045259	-0.001043555	-0.000902999	0.040548343
794.0376587	-0.001539038	-0.001198935	-0.001157991	0.089436114
793.0626831	-0.000962357	-0.003093718	-0.001388889	-7.42286E-05
791.947998	-0.000414857	-0.002373768	-0.002065698	-0.359731086
790.972229	-0.002177753	-0.002747011	-0.002087339	0.0583616
789.9961548	-0.001731473	-0.003108368	-0.001072786	0.266876
789.0196533	-0.003309409	-0.002952178	-0.001856039	0.394835371
788.0427856	-0.003004419	-0.002280973	-0.001563645	0.370309943
787.0654907	-0.00301501	-0.003791127	-0.001732608	0.410750114
785.9482422	-0.003095003	-0.000694069	-0.002550702	0.018318343
784.9701538	-0.002298483	-0.002087596	-0.002229366	0.007697029
783.9917603	-0.00250937	-0.002639476	-0.003737698	-0.343516229
783.0130005	-0.00324369	-0.00358235	-0.001969952	0.383277143
782.0338135	-0.002816971	-0.003056911	-0.003576651	-0.203340571
781.0543213	-0.003138129	-0.002620591	-0.004080435	-0.298803886
779.9344482	-0.003549539	-0.001675417	-0.002736258	0.125273314
778.9541016	-0.003334686	-0.00195181	-0.003740931	-0.195091486
777.9734497	-0.002613849	-0.003843575	-0.003034958	-0.0500468
776.9923706	-0.003047657	-0.003552722	-0.004253497	-0.315664857
776.0109863	-0.003981952	-0.002931249	-0.002529548	0.3549324
775.0291748	-0.004690639	-0.003832542	-0.004228273	0.083070457
774.0470581	-0.004313578	-0.002597947	-0.004829463	-0.245431771
773.0645752	-0.003985491	-0.004001701	-0.003866974	0.034788286
771.9412231	-0.00448004	-0.003282588	-0.003455352	0.224342171
770.9579468	-0.004183562	-0.005441427	-0.003036604	0.399580286
769.9743042	-0.004367501	-0.003814888	-0.004860181	-0.1723436
768.9902954	-0.003434652	-0.003475639	-0.004546084	-0.315209886
768.0059204	-0.004480449	-0.005240348	-0.004432281	0.057185086
767.0211792	-0.004407733	-0.004706567	-0.004947564	-0.1371612
766.0360718	-0.004566781	-0.004394511	-0.003309357	0.34942
765.0505981	-0.004473737	-0.004753732	-0.005141309	-0.174735143
764.0647583	-0.004769453	-0.004614167	-0.005276204	-0.153659486
762.9376831	-0.004515087	-0.005203364	-0.005504156	-0.243261029
761.9510498	-0.00528142	-0.005110047	-0.005406608	-0.045560743
760.9641113	-0.004491825	-0.005536667	-0.005091013	-0.111491314
759.9768066	-0.006935963	-0.006741386	-0.004286973	0.7457356
758.9891357	-0.005496846	-0.006063457	-0.005368667	0.069000343
758.0010986	-0.005690602	-0.004416958	-0.004933641	0.143494914
757.0126953	-0.00561962	-0.005243724	-0.005884833	-0.097254914
756.0239258	-0.006711666	-0.006043137	-0.006336613	0.068956343
755.03479	-0.007040401	-0.005473687	-0.006235118	0.140554343
754.0453491	-0.006171576	-0.006908754	-0.006201026	0.033710171
753.055542	-0.005804841	-0.006365541	-0.007285198	-0.390919143
752.0653687	-0.006601642	-0.005818225	-0.005985286	0.131335029
750.9332886	-0.006849387	-0.006178773	-0.007752816	-0.296443371
749.9423828	-0.00782594	-0.006817076	-0.007366953	0.073489771
748.9510498	-0.007456377	-0.006714929	-0.007782921	-0.135666743
747.9594116	-0.008099667	-0.008530469	-0.007959445	0.064680686
746.9674072	-0.009565753	-0.008259706	-0.007401768	0.543650171
745.9750977	-0.009053946	-0.008752408	-0.009358164	-0.104150171
744.9823608	-0.008283071	-0.008790612	-0.008654368	-0.077082514
743.9893188	-0.008890294	-0.008313648	-0.008680454	0.027003086
742.9959106	-0.01031201	-0.008597068	-0.009157319	0.231915029
742.0021362	-0.009776786	-0.010208962	-0.010070886	-0.0593328
741.0080566	-0.010370754	-0.010355284	-0.009141198	0.350417714
740.0136108	-0.010525612	-0.009245361	-0.009784075	0.138710514
739.0187988	-0.010546229	-0.011045581	-0.010025914	0.177195829
738.0236206	-0.011031701	-0.010613125	-0.009511155	0.410523086
737.0281372	-0.01062323	-0.011644571	-0.010269894	0.159315486
736.0322876	-0.010463503	-0.010668292	-0.009952855	0.157601657
735.0360718	-0.011297261	-0.010450616	-0.010505601	0.177808857
734.0395508	-0.010922008	-0.010084596	-0.010591552	0.046563886
733.0426636	-0.010314892	-0.009673054	-0.009628395	0.159465543
732.0454102	-0.010290674	-0.010635355	-0.010691226	-0.094747371
731.0478516	-0.011133999	-0.010284102	-0.010203046	0.217421029
730.0498657	-0.012008272	-0.011468631	-0.011393445	0.144828229
729.0516357	-0.012059385	-0.01150332	-0.010760423	0.339356857
728.0529785	-0.012798558	-0.012008322	-0.012331765	0.088213086
727.0540161	-0.013403921	-0.013893983	-0.013671347	-0.048403886
726.0547485	-0.01361942	-0.013714639	-0.013864499	-0.064581486
725.0551147	-0.014864997	-0.015025564	-0.014872052	0.007159543
724.0551147	-0.015598966	-0.014707825	-0.014540032	0.251630229
723.0547485	-0.015569597	-0.01505932	-0.015387645	0.0228276
722.0540771	-0.01598517	-0.015439261	-0.015795557	0.022980343
721.0531006	-0.01571767	-0.015753569	-0.01607234	-0.099282914
720.0517578	-0.016130159	-0.015997296	-0.015978634	0.035700686
719.0500488	-0.01611679	-0.015916452	-0.016065804	0.003119543
718.0479736	-0.016595779	-0.015620841	-0.015850667	0.1571784
717.0456543	-0.016308758	-0.015442058	-0.016131856	0.001017714
716.0429077	-0.015718618	-0.015940309	-0.016161935	-0.113993943
715.039856	-0.015182621	-0.015265952	-0.015839536	-0.182928229
714.036499	-0.015193019	-0.014391156	-0.015013261	0.005538686
713.0327759	-0.014475239	-0.014263823	-0.014583488	-0.0430092
712.0286865	-0.013336952	-0.013244612	-0.013364966	-0.013280571
711.024292	-0.01295783	-0.012727975	-0.013084341	-0.049280571
710.0195923	-0.011401413	-0.010989251	-0.011446394	-0.036403829
709.0145264	-0.010790775	-0.010758301	-0.010927309	-0.040865371
708.0090942	-0.00922073	-0.009556029	-0.009114634	0.049473086
707.0033569	-0.008731299	-0.008979862	-0.008386019	0.112855029
705.9973145	-0.006869313	-0.006500158	-0.007186624	-0.111754857
704.9909058	-0.005741134	-0.005785071	-0.004329725	0.4057704
703.9841309	-0.004417983	-0.003287623	-0.004837859	-0.184556571
702.9771118	-0.003613722	-0.003512924	-0.003020769	0.163655257
701.9696655	-0.001319679	-0.001328143	-0.002367537	-0.298904343
700.9619751	-0.000399599	-0.000573306	-0.000453906	-0.005590171
699.9538574	0.000527307	0.0011886	0.001096463	0.124827829
698.9454956	0.002462277	0.002258225	0.002439264	0.005084971
697.9367676	0.003660725	0.004295961	0.003617158	-0.048746914
697.0718994	0.004423559	0.004581356	0.005153627	0.199573886
696.062561	0.005116982	0.006338627	0.005854201	0.140825714
695.0529175	0.006739508	0.006716925	0.006722498	-0.003569543
694.0429077	0.0079907	0.008207937	0.007139917	-0.2554944
693.0325928	0.008236006	0.009143397	0.009386445	0.276845943
692.0219116	0.009097083	0.010850808	0.010215274	0.219270286
691.0109863	0.010193835	0.011294002	0.011375998	0.274894171
689.9996338	0.011016985	0.011615433	0.011734536	0.170817543
688.9880371	0.012335918	0.012230602	0.012474798	0.045698057
687.9760742	0.012822567	0.012607113	0.014363327	0.4525288
686.9638062	0.013819442	0.013585038	0.013310108	-0.132129486
685.9512329	0.014220525	0.014012237	0.014765341	0.167563886
684.9382935	0.014123174	0.014208221	0.014937524	0.2278116
684.0698242	0.015057166	0.014648483	0.015152796	0.050676171
683.0562744	0.014387944	0.015717732	0.015235498	0.1661704
682.0424194	0.015214426	0.014912608	0.015105648	-0.013832686
681.0282593	0.015220806	0.015109723	0.016224982	0.293255029
680.0137939	0.016157728	0.015966341	0.016348956	0.065572971
678.9989624	0.017791608	0.01697569	0.017422082	-0.058954971
677.9838257	0.016890045	0.017399125	0.017340446	0.099595714
676.9683838	0.017105022	0.017270487	0.016914107	-0.064002286
675.9526367	0.016592253	0.017551359	0.016425973	-0.102314629
674.9365234	0.017183222	0.017338533	0.017628372	0.1183108
674.0653076	0.017508479	0.017982561	0.018240137	0.181954743
673.048645	0.017124571	0.017563004	0.016732017	-0.1372116
672.0316772	0.018176053	0.017455712	0.018283252	0.071790629
671.0143433	0.018191842	0.017956121	0.017982453	-0.046355657
669.9967041	0.017755581	0.018588096	0.017719906	-0.057765143
668.9787598	0.017548718	0.017945733	0.018292297	0.189764571
667.9605103	0.018123178	0.018470449	0.018119588	-0.020869771
666.9418945	0.01693082	0.01695125	0.016735218	-0.057053714
666.0686035	0.015952135	0.016076865	0.015739501	-0.06788
665.0494385	0.015000838	0.015603516	0.015444909	0.092438686
664.0299683	0.015956432	0.01555039	0.015880708	0.001566971
663.0101318	0.015419588	0.015866853	0.015614491	0.030128571
661.9900513	0.014456262	0.014798818	0.014790998	0.076064229
660.9696045	0.015561149	0.015177726	0.014717056	-0.219259543
659.9489136	0.014820647	0.015364769	0.015015683	0.024631886
658.9278564	0.014852335	0.0147305	0.01511117	0.080914857
658.0524292	0.014441035	0.01512315	0.014827478	0.071434286
657.0308228	0.014335983	0.01471545	0.015252683	0.240230457
656.0088501	0.014221889	0.01507338	0.014857209	0.132863371
654.9866333	0.014861871	0.01435019	0.014251687	-0.145099371
653.9641113	0.014209478	0.015430156	0.01355761	-0.256001029
652.9412231	0.014103547	0.014428698	0.014674936	0.144673943
652.06427	0.014449411	0.014424496	0.014252168	-0.054931429
651.0408325	0.015162795	0.014508986	0.014674401	-0.102180629
650.0170898	0.014676998	0.014850486	0.014661737	-0.014273886
648.993042	0.01416484	0.01472252	0.01443884	0.046418286
647.968689	0.014507407	0.014408173	0.014441945	-0.013032914
646.9440308	0.014184818	0.014793998	0.014702677	0.113149429
646.0654907	0.014058304	0.013751678	0.014623557	0.179022343
645.0402832	0.013585065	0.015514896	0.014738453	0.219263371
644.0147705	0.013911806	0.01467981	0.015541349	0.421697771
642.9889526	0.014297083	0.014389094	0.014039214	-0.078934629
641.9628296	0.01481679	0.014543863	0.014641468	-0.034496171
640.9363403	0.014117425	0.015046151	0.014218117	-0.024300914
640.0563354	0.014996845	0.014714433	0.014750879	-0.054138171
639.0292969	0.014403009	0.014960378	0.015312851	0.2281052
638.0020142	0.014369213	0.014405711	0.014990763	0.175500114
636.9744263	0.014677427	0.014443149	0.014347594	-0.080850686
635.9465332	0.013728353	0.014626369	0.013928379	0.005835086
635.0652466	0.014375823	0.014913386	0.014582303	0.0282764
634.0367432	0.015213353	0.014408628	0.015076274	0.006818857
633.0079956	0.013878744	0.014912582	0.014185353	0.028526114
631.9789429	0.014017183	0.01488523	0.014464398	0.078173029
630.949585	0.014028439	0.014695902	0.014148232	-0.003914171
630.0670166	0.014025926	0.014484951	0.014484871	0.104897143
629.0371094	0.014591298	0.014933639	0.014449705	-0.060017486
628.006897	0.014204316	0.014808835	0.014829781	0.144160343
626.9764404	0.014354872	0.014877541	0.015097098	0.182197771
625.9456177	0.014549966	0.014767216	0.014625779	0.009246571
625.0618286	0.014460383	0.015307462	0.015000838	0.1060112
624.0305176	0.014360303	0.014048652	0.014929192	0.180348343
622.9988403	0.014475317	0.014891016	0.014623504	0.018584914
621.9669189	0.014688754	0.015157916	0.014189766	-0.169377257
620.9346924	0.014652446	0.014784516	0.014945535	0.076192857
620.0496826	0.014311851	0.01486313	0.014796033	0.106836057
619.0169067	0.014436004	0.014672019	0.015088496	0.172939714
617.9838257	0.014975516	0.014418448	0.013843467	-0.291610114
616.9505005	0.013861533	0.014707899	0.014920458	0.254186229
616.0645142	0.014193885	0.014487869	0.014617775	0.104312343
615.0306396	0.014043278	0.014851558	0.014699464	0.141294286
613.99646	0.014051887	0.014333494	0.014341601	0.0666836
612.9619751	0.014181608	0.014320305	0.014241495	0.009185029
611.9271851	0.014223628	0.014628189	0.014413793	0.031215086
611.0400391	0.014137963	0.014196426	0.014299571	0.042832971
610.0046997	0.013704523	0.014688244	0.013688252	-0.060861486
608.9691162	0.013802233	0.014409725	0.013882406	-0.011807257
607.9332275	0.014219535	0.014622835	0.014188375	-0.031948571
607.045105	0.013763729	0.013913491	0.014247139	0.129559314
606.008728	0.014020151	0.014025338	0.014378471	0.102080743
604.9719849	0.013483024	0.014076941	0.014228014	0.178916171
603.9350586	0.013883688	0.013935489	0.013939925	0.013107657
603.0459595	0.013572486	0.01380397	0.013663035	0.012643486
602.0084229	0.013958665	0.01395567	0.014172863	0.061370571
600.9706421	0.013058746	0.013998549	0.013660577	0.118248686
599.9325562	0.014012879	0.013865836	0.013424177	-0.159798114
599.0425415	0.013495655	0.013245226	0.013261105	-0.052704057
598.0039673	0.0134379	0.01369763	0.01339892	-0.025978857
596.9650879	0.01332946	0.013607634	0.014028867	0.183934914
595.9259033	0.013936478	0.013611775	0.013335787	-0.153071543
595.0349731	0.013389817	0.013361519	0.013615835	0.0661936
593.9952393	0.013184436	0.013844108	0.013193669	-0.035057543
592.9552612	0.012951975	0.012869813	0.013121253	0.053060114
592.0636597	0.012640452	0.012852135	0.012636535	-0.013215314
591.0231934	0.013044875	0.013339844	0.012747468	-0.1018288
589.9824219	0.012833258	0.013011266	0.01280865	-0.017202743
588.9413452	0.012970244	0.013033778	0.012750826	-0.066321371
588.0488281	0.012435133	0.012810916	0.013122854	0.1750184
587.0072632	0.012013686	0.012633789	0.012287158	0.0427004
585.9653931	0.012413503	0.012395044	0.012773565	0.103929657
585.0721436	0.012376027	0.012364548	0.012461265	0.025009657
584.0297852	0.011831192	0.012361272	0.012210207	0.077999714
582.9871826	0.011456841	0.011750919	0.01231456	0.228258114
581.9442749	0.011834225	0.012278769	0.011966426	0.0123692
581.0501099	0.011405016	0.012201661	0.011476535	-0.025088571
580.0067139	0.011675632	0.011777116	0.011428615	-0.076375371
578.9630127	0.011043033	0.011473505	0.010987223	-0.040544114
578.0682373	0.011153691	0.011445784	0.011160863	-0.014641886
577.0239868	0.011045715	0.011243179	0.011036448	-0.013931371
575.9795532	0.011188353	0.010949339	0.010456431	-0.195462629
574.9348145	0.010445639	0.011078695	0.010562086	-0.002904057
574.0390625	0.010582033	0.010892824	0.010417107	-0.0648812
572.9938354	0.009938627	0.010505861	0.009974252	-0.0222348
571.9483032	0.010353611	0.010734522	0.010207801	-0.063426343
571.0519409	0.009624097	0.010510555	0.009999495	0.056601829
570.0059204	0.009624442	0.010115347	0.009587656	-0.038562
568.9596558	0.009097585	0.009353117	0.009344337	0.055898743
568.0626221	0.00876269	0.009175889	0.009056588	0.060359486
567.0158081	0.008459911	0.00882968	0.009086482	0.157890629
565.968811	0.008602891	0.008960969	0.008845478	0.048848971
565.071106	0.008427578	0.008465507	0.007985374	-0.128511371
564.0235596	0.007689012	0.007809599	0.007976067	0.075125029
562.975708	0.007731936	0.007885009	0.007540486	-0.063447029
561.9276733	0.007269512	0.007812683	0.007401489	0.006669371
561.0291138	0.006845236	0.007847764	0.006953515	-0.026350457
559.9805298	0.006691583	0.00735944	0.006546944	-0.079488686
558.9317017	0.006633963	0.00715668	0.006521481	-0.062007257
558.0324707	0.006230054	0.006458944	0.00655969	0.081102286
556.9831543	0.005821641	0.006200093	0.005829171	-0.0194744
555.9335327	0.005313918	0.006047848	0.005722457	0.074786571
555.0336914	0.005155775	0.005564585	0.005472144	0.067030571
553.9836426	0.005205077	0.005180111	0.004985959	-0.061178514
552.9332886	0.004749182	0.005043282	0.004640692	-0.047802857
552.0327759	0.004353323	0.004793622	0.004674681	0.066656629
550.9819336	0.004290862	0.004551953	0.004103667	-0.068403771
549.9308472	0.004096951	0.00394424	0.003821692	-0.069919086
549.0297241	0.003456657	0.003821588	0.00373453	0.058539086
547.9781494	0.003227153	0.003394613	0.003174842	-0.024515143
546.9263306	0.00312577	0.003591134	0.003332708	0.032532914
546.0245972	0.002851178	0.003379821	0.002824445	-0.037846171
544.97229	0.002814779	0.002728313	0.002454493	-0.097997943
544.0701294	0.002543195	0.003411023	0.002423697	-0.083732457
543.017334	0.002419767	0.002932013	0.002332183	-0.0542952
541.9642944	0.002632437	0.002762595	0.002575874	-0.023598457
541.0614624	0.002798808	0.002587671	0.002427316	-0.0940756
540.0079956	0.002581655	0.00278612	0.002478131	-0.041262
538.9542236	0.002832522	0.002833825	0.002633921	-0.0568176
538.0507813	0.002726073	0.002805582	0.002796307	0.015523486
536.996521	0.00277114	0.003006633	0.002790106	-0.008037886
535.9420776	0.003535282	0.003580015	0.003480507	-0.018206171
535.0380249	0.003617836	0.003793986	0.003370794	-0.080649143
533.9830322	0.003677824	0.004045606	0.004259204	0.145092457
532.9278564	0.004807101	0.004611939	0.004403214	-0.104244171
532.0231323	0.005279905	0.005625236	0.005095976	-0.072284343
530.9674683	0.005681698	0.005713408	0.005842079	0.044011143
530.062439	0.006377319	0.006722051	0.005939086	-0.1449084
529.0062866	0.007323741	0.00700781	0.00673538	-0.150049943
527.9498901	0.008059417	0.008218172	0.007651784	-0.125538286
527.0441895	0.008766415	0.00885269	0.008167921	-0.175928286
525.9873657	0.009762696	0.009608854	0.009236014	-0.1416896
524.9302368	0.010686683	0.011029067	0.010275862	-0.136942229
524.0239258	0.011011649	0.011734908	0.010863707	-0.083598229
522.9663696	0.012353655	0.01217014	0.011733897	-0.166587143
522.0596924	0.013342166	0.013070884	0.013088091	-0.057091029
521.0016479	0.014049481	0.013928806	0.013645698	-0.108470857
519.9434204	0.015226463	0.015358547	0.014563751	-0.196893943
519.0361328	0.015170273	0.01616638	0.015196517	-0.049422114
517.977417	0.016841337	0.016799711	0.016159341	-0.192477371
517.0697021	0.017536158	0.017356906	0.017068755	-0.123300743
516.0105591	0.018380972	0.018155539	0.018449841	0.032558743
514.9511108	0.019163881	0.019640965	0.018598743	-0.188729943
514.0428467	0.019806476	0.019841023	0.019637011	-0.050392686
512.9829712	0.020506198	0.021087574	0.020204017	-0.119558914
512.0743408	0.021090861	0.021034181	0.020536294	-0.155208857
511.0140076	0.021806076	0.021879682	0.021660723	-0.045735486
509.9534607	0.02184481	0.022475086	0.022167966	0.056314514
509.0441895	0.02280245	0.022767203	0.022256428	-0.153992171
507.9831848	0.022589378	0.023750285	0.02283355	0.003425886
507.0735779	0.023539098	0.023688497	0.02300749	-0.160425086
506.0121155	0.023628224	0.023567684	0.023972431	0.101804286
504.9504089	0.023966387	0.024600793	0.024041016	-0.0149292
504.0401917	0.024602409	0.024812743	0.024005258	-0.182633657
502.9780579	0.025140693	0.024575399	0.024434239	-0.169541486
502.0674744	0.02461219	0.024569783	0.024193626	-0.117166457
501.0049133	0.024494926	0.025314653	0.025110139	0.1289336
499.9420776	0.024786595	0.025075911	0.024464389	-0.1085912
499.0309143	0.024929378	0.025439056	0.024932833	-0.028137314
497.9676819	0.024909969	0.025410401	0.025179287	0.048351886
497.0561218	0.025049448	0.025292318	0.02480345	-0.084163429
495.9924316	0.02500209	0.024994578	0.025049364	0.013936114
494.9285278	0.025099799	0.024753846	0.025253275	0.063619029
494.0163879	0.02482428	0.024646929	0.024912519	0.035345486
492.9520264	0.024586739	0.024453791	0.024157474	-0.115050114
492.0395508	0.024538556	0.024419945	0.023998858	-0.147421657
490.974762	0.024534859	0.024508702	0.024251461	-0.079476171
490.0619202	0.023594551	0.024594711	0.024359213	0.161322857
488.9967041	0.023620214	0.023949509	0.023783395	0.027806286
487.9312439	0.02357132	0.023845032	0.023631258	0.001484457
487.0178223	0.023124024	0.023718515	0.022879798	-0.103749771
485.9519348	0.022577109	0.023000311	0.022527402	-0.038384971
485.038147	0.022322152	0.022756891	0.022440303	0.0089152
483.9718628	0.022401325	0.0229972	0.022335833	-0.052762
483.0577087	0.022211581	0.022021485	0.021904401	-0.076903086
481.9909668	0.021805422	0.021861633	0.021947309	0.037327086
480.9240417	0.021469889	0.021486616	0.021555789	0.023587029
480.0093079	0.021044614	0.021324731	0.021317145	0.061859314
478.9419556	0.020997366	0.02123075	0.02171286	0.191090629
478.026886	0.021265818	0.021129778	0.021031056	-0.059301143
476.9590759	0.021025024	0.021457214	0.020901255	-0.060059143
476.0436401	0.021499589	0.020977126	0.020736547	-0.188156971
474.9754333	0.0210582	0.021913875	0.021739449	0.145746857
474.0596619	0.021642275	0.021799244	0.021490805	-0.0522468
472.9910278	0.022130646	0.022212099	0.022422286	0.078671257
472.0748901	0.022775332	0.022928672	0.02272255	-0.023842857
471.0058594	0.022899363	0.02318614	0.022895325	-0.017540971
469.9365845	0.024246287	0.024094343	0.02375403	-0.131962343
469.0198975	0.02494676	0.025290506	0.025111428	0.027405371
467.9502258	0.025397584	0.026107753	0.025882641	0.098006629
467.0331726	0.026105223	0.026706673	0.026346348	0.034524286
465.9631042	0.027442867	0.027502514	0.027408291	-0.013287257
465.0457153	0.027690088	0.028025715	0.028515598	0.216681314
463.9752197	0.02877607	0.029155416	0.029274138	0.120628229
463.0574951	0.029165465	0.029735327	0.029358715	0.022650743
461.9865723	0.029928138	0.030837474	0.030228587	0.033880514
461.0684814	0.031263772	0.030980539	0.030474316	-0.209374114
459.9971924	0.032186229	0.031777181	0.031389084	-0.204381543
458.9256592	0.03262312	0.033147164	0.032627333	-0.028741657
458.0070496	0.033176947	0.03372401	0.033246636	-0.0113496
456.9351196	0.033154316	0.034296922	0.033087712	-0.084321486
456.0161743	0.033845387	0.034527559	0.033663753	-0.090876686
454.9438477	0.033969935	0.0351285	0.034368556	0.047688
454.0245361	0.03449855	0.035297636	0.034551945	-0.030406343
452.9518127	0.035073578	0.035606604	0.035649396	0.1340608
452.0321655	0.035282981	0.035615258	0.035263777	-0.024474114
450.9590759	0.03519595	0.036198799	0.035792369	0.113099771
450.039093	0.035739891	0.036537606	0.035285648	-0.175367429
448.9655762	0.036167037	0.036647942	0.036334522	0.020372571
448.0452576	0.036420569	0.036193144	0.03669377	0.091053143
446.971344	0.0364751	0.036598545	0.036583789	0.024
446.0506897	0.036668137	0.036755886	0.036369957	-0.090208514
444.9763794	0.036597107	0.037268415	0.037133895	0.115007543
444.0553894	0.036249027	0.037270952	0.036988959	0.153013429
442.9807129	0.036378372	0.037725668	0.03646167	-0.053188914
442.0593872	0.036866333	0.036823787	0.036771435	-0.024682514
440.984314	0.036352422	0.036947105	0.037183356	0.203427829
440.0626526	0.037146527	0.037498038	0.036613666	-0.172332343
438.9871826	0.036522258	0.036866728	0.036758672	0.047862857
438.0652161	0.036832437	0.037563372	0.03746539	0.139076
436.9893494	0.036659997	0.037347056	0.036471888	-0.093005943
436.0670471	0.036321182	0.036944427	0.036394868	-0.014560857
434.9908142	0.035737135	0.037075024	0.036087282	0.0235912
434.0681763	0.036165629	0.036797583	0.036465585	0.049590057
432.9915466	0.035909601	0.036320675	0.035706837	-0.081422514
432.0686035	0.035768755	0.036913257	0.03554482	-0.129381543
430.9916077	0.03532875	0.036213458	0.035832595	0.093400971
430.0682983	0.035510994	0.036495849	0.035738289	0.008664
428.9909363	0.035631161	0.036160283	0.035616744	-0.034354686
428.0673218	0.034835219	0.036122222	0.035310496	0.0622504
426.9895935	0.035381962	0.035961483	0.035118315	-0.1084432
426.0656433	0.035366826	0.035823457	0.035239801	-0.062386057
424.9875488	0.034309078	0.036026023	0.034591861	-0.017316
424.0632629	0.034384247	0.035896666	0.034387328	-0.085543657
422.9848022	0.034750998	0.035594072	0.034739446	-0.051476229
422.0602112	0.034838445	0.035438471	0.034502305	-0.1303272
420.9813538	0.034505587	0.035521083	0.034101404	-0.1735092
420.0564575	0.03466234	0.035297636	0.034236584	-0.1579472
418.9772339	0.033886135	0.034805376	0.034386039	0.090301657
418.0520325	0.034088723	0.035007805	0.034434516	0.046279029
416.9724426	0.034141336	0.03416881	0.034057897	-0.025409657
416.0469055	0.033844072	0.034188356	0.033433463	-0.136990229
414.9669495	0.03376399	0.034168527	0.033392172	-0.129350114
414.0411377	0.033373918	0.033706024	0.033519022	0.0224808
412.9608154	0.032795578	0.033899821	0.033044357	0.007980114
412.034668	0.032669026	0.033396337	0.033002015	0.053579086
410.9539795	0.032622587	0.033276204	0.032072701	-0.194459829
410.0275269	0.03209034	0.033207849	0.032161139	-0.043629371
408.9464722	0.03203686	0.032973833	0.032130811	-0.026698171
408.0197144	0.031727333	0.032562904	0.031562645	-0.094800629
406.938324	0.031570297	0.032118771	0.03149762	-0.052106229
406.011261	0.030706877	0.031723183	0.030724742	-0.052970343
404.9295044	0.03075186	0.031595048	0.030913018	-0.002137029
404.0021362	0.030280236	0.031051544	0.030160656	-0.078240457
403.0746155	0.029655805	0.030666318	0.029832166	-0.007354743
401.9923401	0.029713957	0.030008931	0.028963888	-0.231161086
401.0645142	0.028520463	0.030378889	0.029616008	0.206817086
399.9819031	0.028671529	0.030101474	0.02889004	-0.019279429
399.053772	0.028530413	0.029683106	0.029060002	0.085442971
397.9707947	0.028566547	0.029154889	0.028613159	-0.020301829
397.0423889	0.02812057	0.029289646	0.02820586	-0.042435771
395.9590759	0.028186552	0.029003875	0.02815095	-0.056876171
395.030365	0.027487569	0.029198244	0.027670527	-0.045479143
393.9466858	0.028145012	0.028804753	0.028162053	-0.032830629
393.0176697	0.02775711	0.028649159	0.027832752	-0.029362229
391.9336548	0.027879894	0.028660081	0.027930383	-0.030156686
391.004364	0.027537707	0.028207298	0.027812937	0.0403748
390.0749207	0.027849285	0.028642219	0.028088368	0.022998914
388.990387	0.027261162	0.028650377	0.027495813	-0.012340571
388.0606689	0.027888175	0.028668681	0.02803571	-0.002447486
386.9757996	0.028275477	0.028542688	0.027799137	-0.151366343
386.0457764	0.028036676	0.028950579	0.027991725	-0.065066171
384.9605713	0.02774781	0.029559726	0.027996475	-0.032490914
384.0302734	0.028819276	0.029395137	0.028573513	-0.103124343
382.9447327	0.029205747	0.029467631	0.029183045	-0.021451086
382.0141296	0.029168012	0.030166678	0.029009605	-0.102325771
380.9282837	0.029638566	0.029633466	0.029511016	-0.036151429
379.9973755	0.030318735	0.030802237	0.030299194	-0.033211829
379.0663757	0.02994181	0.031074986	0.029894527	-0.078262343
377.980011	0.030151416	0.032373324	0.030312156	-0.081040457
377.0487061	0.031024992	0.032697268	0.031646248	0.081943086
375.9620056	0.032309771	0.032987546	0.031877682	-0.162184
375.030426	0.032724202	0.032921977	0.031983551	-0.222916
373.9434204	0.032937277	0.034477085	0.033453595	0.0595304
373.0115356	0.03355943	0.034291878	0.033982951	0.079151829
371.9241943	0.034491599	0.035036761	0.03432079	-0.079954686
370.9920654	0.035379801	0.035964068	0.035203643	-0.083717543
370.0597839	0.035825621	0.037023574	0.035644844	-0.120105029
368.9719543	0.036947414	0.037165221	0.036280628	-0.2029564
368.0393982	0.036720391	0.037636567	0.037053738	0.042889086
366.9512634	0.037145965	0.038609959	0.037689075	0.071517486
366.0184326	0.038262665	0.038953286	0.037692748	-0.202297486
364.9299622	0.038608007	0.039177034	0.038824417	0.0293156
363.9968567	0.038717091	0.039856937	0.038908977	-0.010309486
363.0636292	0.039359994	0.040077943	0.039246276	-0.073516514
361.9747009	0.040081266	0.040756445	0.039648779	-0.162149371
361.0411987	0.040045127	0.041365281	0.039949052	-0.102887371
359.9519653	0.04039729	0.041641925	0.040422801	-0.063833143
359.0181885	0.040111244	0.041012105	0.04034945	0.016581086
357.9286194	0.040582787	0.041519772	0.040535238	-0.067127429
356.9945679	0.041295953	0.042433325	0.041240219	-0.080916686
356.0603943	0.040999416	0.042035621	0.041113798	-0.026531143
354.9703979	0.041101247	0.041983321	0.041486904	0.059783486
354.0359497	0.041219383	0.042592451	0.041381054	-0.032269314
352.9456177	0.041724954	0.042557504	0.041502543	-0.111120286
352.0109253	0.041252229	0.042797655	0.041678224	0.0334028
351.0761108	0.041258208	0.042472374	0.041873958	0.106547657
349.985321	0.04162953	0.042577092	0.041817635	-0.000402114
349.0502319	0.040796086	0.042487618	0.041480668	0.098935886
347.9591675	0.041276369	0.042683061	0.041736096	0.050968171
347.0238037	0.040870193	0.042435896	0.041477393	0.084016971
345.9324036	0.040724661	0.04289908	0.041294817	0.0386492
344.9967957	0.040687673	0.042296767	0.041448031	0.125296914
344.0610657	0.041200627	0.042521846	0.041494764	0.008540914
342.9692383	0.040632013	0.042499665	0.040736999	-0.076726971
342.0332642	0.040511765	0.042279735	0.041121934	0.073307143
340.9411316	0.040592138	0.042394593	0.04094642	-0.001774
340.0048828	0.040481474	0.042059146	0.040487699	-0.088374114
339.0685425	0.040505685	0.042073548	0.040606119	-0.060896743
337.9759521	0.040261373	0.041983951	0.040946107	0.097205257
337.0393372	0.039958075	0.04176072	0.040524215	0.058746
335.9464722	0.039731797	0.041561559	0.040337805	0.068587314
335.009613	0.039522566	0.041498724	0.040317636	0.114239543
334.0726318	0.039344437	0.041307401	0.040066533	0.094143771
332.9793396	0.0392792	0.041123103	0.039706782	0.0168004
332.0421143	0.038975514	0.040990286	0.039792422	0.118272457
330.9485168	0.038607415	0.040889874	0.039200008	0.038886057
330.0110474	0.038784135	0.040544815	0.039509155	0.106538286
329.0734253	0.038990747	0.040462807	0.03931516	0.008571714
327.9794312	0.038296901	0.040473092	0.039342962	0.1745208
327.0415955	0.038626399	0.040638637	0.039467141	0.125226971
325.9472961	0.038395271	0.040677041	0.039914995	0.30382
325.0092163	0.038106021	0.04059853	0.040075105	0.420166343
324.0710144	0.038551029	0.040855464	0.040539615	0.436485429
322.9762878	0.038706988	0.041488558	0.041225102	0.560514286
322.0378418	0.038832597	0.041758154	0.041724443	0.659067029
320.9428406	0.039542925	0.042107999	0.04266604	0.745742914
320.0041809	0.039402965	0.043079674	0.044323947	1.1958972
319.0653687	0.03977849	0.044221044	0.045782726	1.461635771
317.9699707	0.04033488	0.045005303	0.048202861	1.981113257
317.0309448	0.041093253	0.045661647	0.049912512	2.2587372
315.9352417	0.041563354	0.047307756	0.052660611	2.842393314
314.9959717	0.042924169	0.049287468	0.055746246	3.299833486
314.0565796	0.043353237	0.051159449	0.059391718	4.136353886
312.9605103	0.0445222	0.053265128	0.063689515	4.976779829
312.020874	0.045588758	0.054167006	0.065910131	5.315920971
310.92453	0.046650276	0.056986783	0.071091771	6.392626743
309.9846802	0.048281368	0.058781937	0.074789189	6.973630629
309.0447083	0.04887411	0.061425809	0.078978583	7.884038057
307.9479675	0.04957591	0.062884577	0.082230754	8.569460171
307.0077515	0.049583744	0.063711666	0.084355079	9.127357314
306.0674744	0.051157005	0.065595463	0.088105664	9.731704971
304.9703064	0.051619388	0.067371547	0.091609679	10.52567406
304.0297852	0.052756354	0.069254078	0.09516824	11.17495463
302.932373	0.053579859	0.071244068	0.099854335	12.21189549
301.9916077	0.054090124	0.07255017	0.102720529	12.83954166
301.0507507	0.055573106	0.0747125	0.106757395	13.53040291
299.9529419	0.0564823	0.076977953	0.110405445	14.23543269
299.0118713	0.056496188	0.078076474	0.113716759	15.11557537
298.0706787	0.057404689	0.079428002	0.11562369	15.37552526
296.9725037	0.056891665	0.080079228	0.117112085	15.88083069
296.0310669	0.058313023	0.081434608	0.118979447	16.01203057
294.9326172	0.058610782	0.082215741	0.120402642	16.30596234
293.9909973	0.059152834	0.082871757	0.122218207	16.66331097
293.0492554	0.0594832	0.08368323	0.123283058	16.845672
291.9504395	0.059667826	0.084056266	0.124821678	17.22176114
291.0084839	0.059833422	0.084698461	0.127196431	17.82571463
290.0664063	0.060732327	0.086706646	0.129316613	18.11126349
288.9672241	0.061083771	0.088257633	0.132084712	18.73319103
288.0249329	0.061206009	0.0891129	0.134374082	19.31048423
286.9255066	0.062151458	0.089730509	0.137184575	19.86208766
285.9830017	0.062984876	0.091694653	0.139574543	20.24220331
285.0404053	0.06332431	0.092761181	0.141148597	20.55340366
283.9406128	0.062691428	0.092591666	0.14106673	20.6843584
282.9978027	0.062530868	0.091945127	0.140072033	20.47380377
282.0549011	0.061955802	0.091569915	0.139448345	20.44849154
280.9547119	0.062033493	0.091105759	0.138527304	20.19410223
280.0115967	0.061908662	0.090945162	0.138606682	20.25449143
279.0683899	0.061838903	0.09131299	0.139022946	20.36835017
277.967865	0.061882485	0.091417074	0.139709503	20.54860006
277.0244446	0.061902393	0.091970526	0.140092224	20.62177269
275.923645	0.061742328	0.091354482	0.139790207	20.60727091
274.9800415	0.060914923	0.090473026	0.137654096	20.23644354
274.0363159	0.060338099	0.089212134	0.134762466	19.61416
272.9351807	0.059256222	0.087277919	0.131325707	18.9900416
271.9912415	0.058771327	0.086533003	0.12918669	18.53229366
271.0472107	0.058122963	0.085012861	0.127330586	18.23704097
269.9457397	0.057044666	0.083586477	0.12398959	17.61044623
269.0015259	0.056176186	0.08223673	0.121588521	17.20006463
268.0571899	0.05505513	0.080917113	0.119145677	16.83375726
266.9553833	0.054451227	0.079227015	0.115871862	16.13299354
266.0108643	0.053143788	0.077159718	0.111876801	15.408522
265.0662537	0.051089242	0.073793545	0.106286019	14.47311897
263.9640808	0.048466384	0.070847191	0.101169296	13.7790716
263.0192566	0.046722192	0.068096004	0.097739048	13.35488389
262.0743713	0.045265201	0.065867618	0.092962854	12.45061989
260.9718628	0.043437995	0.063435376	0.089041747	11.88693594
260.0267639	0.042916767	0.061714549	0.085648559	11.13492446
258.9240417	0.041458797	0.059491925	0.082055919	10.56871326
257.9787292	0.040147785	0.057618108	0.078487299	9.955842686
257.0333557	0.039034955	0.055933557	0.074441381	9.150487314
255.9302979	0.037473712	0.053389166	0.069894075	8.353506343
254.984726	0.035646278	0.051001113	0.06631057	7.883807143
254.0390625	0.03466814	0.049198311	0.063648276	7.449743371
252.9356689	0.033181474	0.047163256	0.059804011	6.807480171
251.9898224	0.032247536	0.045502055	0.057142712	6.355506343
251.043869	0.030947207	0.043567386	0.054176655	5.915832057
249.9405212	0.029288981	0.041266948	0.049880832	5.198930743
249.0000305	0.028566519	0.040504575	0.047749329	4.798628229
248.0594635	0.027295699	0.038607895	0.045394849	4.524774514
246.9620209	0.026630897	0.037364095	0.043266118	4.139594686
246.0212555	0.025436118	0.035650045	0.040375214	3.684660171
244.9235992	0.024082277	0.034108993	0.037640546	3.300835943
243.982666	0.022973891	0.032722976	0.035528105	3.029827714
243.0416412	0.022171235	0.031871274	0.034074917	2.846764057
241.9436646	0.021195794	0.030248625	0.031460103	2.415355086
241.0024567	0.020509318	0.029334039	0.030483091	2.345379657
240.0611725	0.019758008	0.028567597	0.028878255	2.102379771
238.9628906	0.018851629	0.027510237	0.027594278	2.003122114
238.0214233	0.018457782	0.02673858	0.026162874	1.7282664
236.9229431	0.017277544	0.025425991	0.024787582	1.6800996
235.981308	0.016503109	0.024893219	0.023699187	1.576587429
235.0395813	0.016363015	0.024477178	0.023199849	1.489714686
233.9407959	0.016556701	0.024144556	0.022717012	1.326497143
232.9988861	0.016224418	0.024556991	0.02252146	1.323007829
232.0569153	0.016083151	0.02462082	0.022426428	1.324498057
230.9578247	0.016459014	0.02536701	0.022471569	1.208844514
230.0156708	0.016887436	0.02487606	0.022587089	1.171979486
229.0734406	0.017913684	0.026270192	0.022971191	0.967487257
227.9740753	0.018773343	0.027008951	0.024149373	1.0654024
227.031662	0.019718837	0.028320594	0.024956385	1.004913314
225.9320984	0.020817088	0.029553603	0.026026994	0.989315143
224.9895172	0.02087317	0.029744336	0.026226938	1.022724229
224.046875	0.021980748	0.0306444	0.027019309	0.944523029
222.9470215	0.023267901	0.032485481	0.028747387	1.038848571
222.0041962	0.024553211	0.033871919	0.03014151	1.064159257
221.0613098	0.025740149	0.03552375	0.031513181	1.0903748
219.9611664	0.027703166	0.037246723	0.033178959	1.019166171
219.0181122	0.02892587	0.038350284	0.034630828	1.091450057
218.0749664	0.030748915	0.040613681	0.03636672	1.041386229
216.9745483	0.031587251	0.04225317	0.038379975	1.3312972
216.0312653	0.034271345	0.04447915	0.040870935	1.302294
214.9306488	0.036497228	0.047053762	0.043230917	1.320680629
213.9871979	0.038167462	0.04909651	0.045137171	1.3668284
213.0436707	0.040913709	0.052308325	0.049571179	1.822441943
211.9427948	0.043271694	0.055480033	0.053250704	2.153526343
210.9990997	0.04767574	0.059993736	0.058422845	2.366715943
210.0553436	0.049564131	0.063375287	0.063201502	3.1071828
208.9541931	0.054111674	0.069358654	0.071209207	4.013753429
208.0102692	0.058230754	0.076960675	0.082982332	6.001598229
207.0662842	0.064919859	0.085573241	0.094963573	7.403725029
205.9648743	0.072528057	0.097896606	0.117031343	11.2655932
205.0207367	0.082323954	0.108771928	0.14403148	16.11940891
204.0765228	0.092037939	0.126835033	0.177634135	22.46765063
202.9748535	0.110438027	0.167787463	0.238662511	33.35845623
202.0304871	0.137556046	0.203306854	0.303210408	43.57262869
200.9286346	0.172304079	0.279288292	0.420352399	64.75756497
199.9839325	0.209805444	0.328621507	0.571483433	96.54707897
